78.10 38.70 92.50 29.10
20.50 4.00 62.60 57.50
20.40 13.80 44.20 89.30
11.20 26.90 26.60 76.30
15.00 10.00 37.00 66.50
61.20 73.90 14.10 83.20
71.10 14.90 42.30 16.40
97.40 22.00 22.30 60.70
36.60 93.60 62.10 26.50
98.40 25.80 53.30 69.30
48.80 90.50 14.80 21.30
64.60 37.30 74.60 38.40
33.00 72.90 76.90 84.30
61.20 10.20 49.40 4.60
3.40 67.00 80.50 96.80
14.20 69.40 45.70 5.40
34.30 20.00 42.10 2.40
88.70 11.20 72.40 82.80
72.40 48.50 72.00 80.80
57.90 61.00 37.70 66.60
35.40 73.40 8.40 31.40
77.20 70.50 57.40 73.00
81.90 3.20 13.70 27.60
88.80 17.00 3.10 61.30
90.30 2.80 97.20 58.50
52.20 66.50 5.70 21.50
17.80 11.80 23.70 2.20
30.10 53.40 69.50 26.40
90.80 33.00 85.80 94.20
15.60 24.30 2.40 38.80
20.80 92.20 54.60 12.70
98.10 91.20 64.60 82.80
7.00 23.30 94.70 89.00
94.50 71.10 95.30 62.70
40.90 47.60 87.60 66.30
11.70 81.60 33.90 37.80
35.30 23.60 12.40 28.70
81.20 99.70 35.40 60.50
71.40 30.10 64.90 79.30
33.10 99.90 41.70 55.50
70.00 67.40 73.70 58.10
42.80 32.00 55.00 92.20
34.50 73.50 76.50 16.40
85.20 24.70 12.50 28.90
81.00 67.70 47.30 30.20
77.20 90.30 55.60 20.40
91.40 79.30 62.10 93.80
83.60 70.40 9.40 96.30
78.50 40.60 59.90 99.40
45.90 22.10 62.40 73.10
74.60 3.80 59.10 18.80
0.80 74.00 51.10 51.60
6.90 7.70 21.80 17.00
21.30 48.10 42.30 39.30
75.00 59.80 43.10 69.10
14.20 57.90 60.50 76.30
30.90 52.40 97.30 8.80
51.00 2.90 5.50 99.90
20.40 33.90 6.70 55.90
30.70 32.70 35.80 73.10
45.20 13.20 99.80 46.70
59.70 13.90 22.70 15.70
69.60 11.60 76.70 57.10
81.10 60.00 75.10 74.80
69.60 32.50 39.40 59.10
96.60 17.80 20.10 98.00
14.30 25.20 16.00 26.20
91.50 39.20 17.30 31.10
34.20 27.30 71.00 69.80
30.10 63.60 57.50 48.70
89.50 48.20 64.40 79.40
61.70 9.50 97.20 94.90
89.80 60.90 11.90 31.90
19.30 75.40 22.50 1.30
81.90 43.40 39.90 51.20
75.40 43.80 9.70 1.50
79.40 66.90 73.70 6.20
91.80 85.30 2.00 22.30
48.20 87.40 56.60 27.20
32.20 51.10 88.30 78.20
93.10 68.00 96.30 55.30
54.40 19.80 76.50 67.10
85.70 4.40 26.30 38.10
65.50 62.70 68.50 61.10
85.80 99.30 79.20 45.60
2.20 55.90 98.50 28.60
26.70 13.00 29.50 31.00
13.30 64.90 97.30 67.10
71.60 57.70 99.90 80.40
5.20 7.00 56.60 38.00
17.50 44.40 9.70 17.40
43.30 16.50 89.50 17.90
48.50 41.90 7.50 39.80
63.90 10.30 30.30 60.20
58.50 13.10 68.40 44.40
70.50 96.60 90.50 12.10
69.90 7.80 55.40 90.40
73.10 5.00 54.70 87.50
29.40 49.60 19.70 12.20
35.40 45.30 32.70 88.00
92.30 32.30 57.70 41.00
23.90 72.80 21.40 41.40
37.20 2.90 54.40 83.20
44.80 73.10 21.60 64.30
69.80 46.10 51.70 99.00
27.90 17.00 73.20 66.80
33.50 33.70 41.80 61.70
43.30 93.90 22.30 64.90
78.80 12.30 31.50 86.70
28.00 2.50 82.90 3.90
16.40 40.70 47.30 10.00
68.10 10.70 84.90 36.50
35.90 20.70 3.20 51.70
37.50 11.70 85.90 35.20
48.00 30.30 87.30 74.70
59.80 49.40 46.00 73.50
99.20 43.30 79.20 14.60
66.50 0.90 43.60 34.30
56.10 89.00 63.10 79.90
94.00 14.10 92.50 42.40
39.60 37.20 26.60 94.10
14.70 39.60 76.60 6.20
51.50 0.20 69.70 76.10
76.10 80.80 86.40 46.50
81.50 37.50 84.10 1.40
51.30 20.90 19.60 96.50
76.30 53.50 89.90 64.20
28.10 23.20 89.90 26.70
35.10 90.70 64.30 87.80
70.60 16.70 93.30 47.80
28.70 77.70 58.70 37.00
28.20 99.10 59.50 40.70
36.90 10.70 1.40 16.70
39.40 88.10 44.50 62.50
57.00 97.20 94.90 3.50
90.40 13.30 94.10 19.00
67.40 34.20 91.70 10.50
61.40 94.20 1.70 59.30
77.90 94.20 95.80 91.10
73.70 97.20 52.50 28.10
83.00 45.30 19.00 99.80
9.10 56.10 15.80 35.60
7.90 72.90 1.20 31.70
99.40 71.60 8.80 49.80
57.20 40.30 78.90 86.10
87.80 58.50 8.10 47.70
50.50 84.70 1.90 95.00
68.70 56.70 62.80 74.40
74.30 27.90 96.90 29.00
37.20 44.00 95.20 50.10
75.20 68.00 4.00 74.90
18.10 50.90 25.40 80.60
85.20 78.70 52.60 54.70
49.00 38.30 6.30 98.10
34.40 81.30 76.90 21.70
37.00 47.90 29.10 37.10
71.40 18.30 51.20 82.70
68.50 60.00 8.20 41.30
65.40 35.90 77.90 52.50
61.80 62.30 6.30 4.20
69.20 99.80 18.20 72.20
12.20 90.60 53.60 49.40
77.60 36.00 46.50 36.80
24.30 23.00 30.40 97.80
18.40 50.30 23.50 24.90
69.40 70.30 98.10 29.00
37.80 57.60 76.30 53.20
6.60 52.40 47.50 67.80
33.10 97.10 30.10 94.60
19.80 91.20 2.20 25.80
80.90 58.30 61.90 75.40
74.70 76.20 10.00 69.40
19.40 7.70 34.50 42.90
4.80 53.40 72.10 87.80
65.00 87.30 1.60 5.00
10.70 33.00 62.40 3.50
84.10 91.60 22.00 9.90
5.50 97.80 37.70 75.20
35.50 24.40 7.00 11.90
76.80 60.40 51.80 95.80
